80
0 : 11 16 42 44 45 53 
1 : 9 21 29 33 56 65 66 
2 : 8 30 34 44 60 70 
3 : 4 14 49 53 
4 : 3 32 50 77 79 
5 : 11 21 22 38 61 76 
6 : 15 18 57 60 61 63 71 
7 : 14 23 72 76 
8 : 2 12 23 27 68 
9 : 1 14 26 34 39 48 64 66 69 
10 : 29 47 58 68 71 
11 : 0 5 38 43 48 65 
12 : 8 17 20 44 52 
13 : 32 34 41 57 
14 : 3 7 9 18 33 37 43 60 61 
15 : 6 37 42 
16 : 0 19 25 34 78 
17 : 12 18 26 47 71 
18 : 6 14 17 52 55 60 68 74 
19 : 16 60 62 64 67 76 
20 : 12 28 38 48 52 
21 : 1 5 33 37 58 77 
22 : 5 41 60 64 68 
23 : 7 8 30 62 74 
24 : 43 59 73 75 
25 : 16 28 37 39 48 66 
26 : 9 17 35 40 
27 : 8 33 36 42 67 
28 : 20 25 52 53 61 77 79 
29 : 1 10 43 
30 : 2 23 33 43 53 54 55 73 
31 : 41 42 61 66 73 
32 : 4 13 40 47 61 62 
33 : 1 14 21 27 30 68 74 
34 : 2 9 13 16 59 72 
35 : 26 36 40 46 58 76 77 78 
36 : 27 35 53 64 69 
37 : 14 15 21 25 44 48 49 
38 : 5 11 20 46 58 76 
39 : 9 25 71 
40 : 26 32 35 
41 : 13 22 31 50 60 
42 : 0 15 27 31 61 73 74 
43 : 11 14 24 29 30 47 52 62 73 
44 : 0 2 12 37 54 57 63 69 71 77 
45 : 0 47 53 60 
46 : 35 38 63 76 
47 : 10 17 32 43 45 
48 : 9 11 20 25 37 
49 : 3 37 51 52 53 57 62 67 
50 : 4 41 74 76 
51 : 49 54 63 72 75 
52 : 12 18 20 28 43 49 
53 : 0 3 28 30 36 45 49 59 74 
54 : 30 44 51 78 
55 : 18 30 66 
56 : 1 65 77 78 
57 : 6 13 44 49 62 63 74 
58 : 10 21 35 38 71 
59 : 24 34 53 70 74 
60 : 2 6 14 18 19 22 41 45 75 
61 : 5 6 14 28 31 32 42 
62 : 19 23 32 43 49 57 70 79 
63 : 6 44 46 51 57 71 79 
64 : 9 19 22 36 
65 : 1 11 56 72 75 
66 : 1 9 25 31 55 72 78 
67 : 19 27 49 69 
68 : 8 10 18 22 33 
69 : 9 36 44 67 
70 : 2 59 62 
71 : 6 10 17 39 44 58 63 76 
72 : 7 34 51 65 66 
73 : 24 30 31 42 43 
74 : 18 23 33 42 50 53 57 59 
75 : 24 51 60 65 
76 : 5 7 19 35 38 46 50 71 
77 : 4 21 28 35 44 56 
78 : 16 35 54 56 66 
79 : 4 28 62 63 
